46.37518928130271 30.10888385446011 0.0
16.930628251263062 23.39306762384691 0.0
27.810096566489204 61.771902014367164 0.0
27.239748496089415 82.32089152083452 0.0
6.849614129594943 -66.6927339103502 0.0
20.992691862418706 -102.88143782718598 0.0
-34.764052957560374 -67.51043220396483 0.0
-52.84277193096474 -73.75046727749921 0.0
-23.603959732929745 139.61189775904592 0.0
-17.29229042611274 173.6114451752372 0.0
-35.810981069992486 172.75145821347485 0.0
-44.48301270362435 -171.04131822299973 0.0