71.0227767688712 -8.39451406991745 0
70.3708040034221 31.1071658449399 0
69.6488657172314 18.9560538230854 0
64.1805228100684 -51.7471647628521 0
68.3577408892171 -133.685162707593 0
64.8395044300959 -147.712420141729 0
21.3013061299416 -157.760969203672 0
34.055317352187 -118.275828985812 0
8.88555201480233 -79.0080258932311 0
38.5167111630657 -28.3673495330949 0
27.7600699133787 -15.5890451085081 0
38.6881374733846 -4.10838472285263 0
37.8216577373277 22.6607605403132 0
25.2237388596172 55.3069044108906 0
13.0416909804605 78.0919315910654 0
1.28789250582511 103.835945669639 0
-20.2836028701398 57.2417168255788 0
-25.8709819600462 27.7183427208522 0
43.2677533146088 142.65748411615 0
35.8287459551228 140.096152421405 0
33.5419756901911 126.53678765847 0
26.355014123182 127.807353109129 0
-29.1902862370346 115.439763167279 0
-46.492708307427 168.379587992573 0
37.8874515622886 -4.78277176296958 0
-54.5103465751625 -67.1949776292428 0
-53.1639745122638 -70.9179424891819 0
-71.7782388826128 2.72694342974549 0
